8192
4099
8197
8203
4108
4109
8209
4117
4119
4121
4122
8219
4128
4133
4135
8232
8233
8236
4140
4141
4147
4148
8245
8248
4153
8251
4163
8261
4171
8268
8269
4183
4187
4188
8284
4190
4192
8291
8293
4197
8295
4201
8297
8299
8308
8311
4216
4220
8324
133
8328
8330
4234
4235
8333
144
4241
8338
4252
4253
8350
8353
8355
8358
4263
8362
8363
8364
4269
8371
8375
4285
8382
8383
4291
4293
4295
8392
4297
4299
4303
4304
4306
8405
4311
8408
8411
219
4318
8416
4321
8419
4324
4327
4330
8429
4333
8430
4336
8438
4343
4344
8441
250
8446
4352
8450
8453
8456
8458
8459
4363
8460
8461
270
4370
4372
4373
4374
8471
8474
8476
8479
4385
8481
4386
8488
8489
4395
4401
8498
8503
4407
4408
8507
8509
8510
322
324
8518
8519
4423
328
4427
4429
8527
8529
341
8533
4437
8536
8537
8539
4444
8543
4448
353
4452
4454
8551
360
8554
8557
4462
4465
4467
8564
8566
4473
4474
4475
8572
8573
4478
8575
4480
4485
4486
4491
8589
4496
4497
402
4501
8601
4506
8604
4517
4519
4520
8619
4525
4528
8628
8629
8635
8639
4546
8643
4547
8647
4551
4555
4556
4558
463
4561
466
4562
8658
8662
475
8668
4573
4577
8676
4580
8684
495
4591
496
4593
4596
8695
504
8698
4603
4604
4607
514
8707
4611
8710
519
4617
8714
8722
4627
8725
8729
4634
4636
8736
4647
8743
4649
4653
8754
4658
4659
8756
8759
4663
8761
571
4667
4669
8765
8766
8767
8769
4677
581
8773
8776
8780
8782
4690
596
8789
599
4695
8793
4697
603
4699
8796
8800
8801
612
615
4711
8808
4712
4713
8810
621
4717
8813
4720
4722
8820
634
8827
4732
4733
638
8831
4737
8833
8839
4744
651
8843
4748
655
4751
4753
8850
8851
660
4756
4761
4764
8861
4765
8862
8863
4769
4770
8868
8870
4775
8872
4781
8882
4787
4790
4794
8891
4802
8899
4804
4806
8906
8907
4813
8913
8916
4820
8917
4821
4822
4823
4825
4826
8923
4827
8926
736
4833
737
8929
8931
8935
4841
8939
8942
8943
4847
752
4848
4849
4851
8951
759
4856
4857
4861
8957
8958
4864
4865
770
8965
778
4874
780
8974
786
8980
4884
789
4886
4888
793
4889
4893
4899
9005
9006
4912
4914
825
9018
4923
9026
4933
840
9032
9037
4943
9043
9046
4951
9049
9052
4956
9054
863
9055
4961
868
9061
870
9062
4971
9068
9070
9074
9079
9080
891
4987
9084
4989
9085
894
4991
4992
899
9095
9097
9098
5002
909
5006
9103
9105
9106
5011
917
5015
920
921
5017
922
9115
924
9118
5024
928
5026
9126
935
5031
936
5033
9129
9132
5036
9133
9134
5039
9137
948
9141
5047
952
9145
5051
5053
9150
9153
5058
5060
5063
9159
968
5064
5069
5071
9167
976
9168
9169
5073
5078
9179
989
9185
9189
5096
5097
9194
5099
9196
1005
5102
1007
9199
9201
5107
1013
1015
9209
9212
5116
5117
5119
9215
5120
9217
5128
9226
5131
5132
5134
1039
9232
1040
1042
5138
1044
5141
9237
9238
9241
5145
9242
1056
9253
9255
9262
5166
5167
5169
1078
9270
9271
9274
1085
9278
5185
9282
9284
5189
9285
9287
5193
9293
1105
5202
5207
9304
1116
1118
5216
5217
9313
5218
1127
9322
5228
5230
1137
1138
9333
5239
1147
5244
9341
1150
5246
5247
1153
9345
9346
1155
9349
5255
1161
5257
5259
5260
9356
1167
5263
9363
5272
5273
9369
5274
5275
9371
9373
5277
1182
9375
5279
9377
1188
5285
5287
9383
5289
1193
9386
5290
9387
1195
5293
5296
5297
1203
1207
9403
5307
5309
9407
9409
5314
1218
9414
5318
9416
5322
5324
9423
5330
9428
5333
9430
9431
5336
5337
1243
5339
5340
1244
9437
5341
5342
5343
9439
9441
9442
5348
1252
5352
9449
5354
1269
9463
5369
5370
5371
5373
9470
5374
5377
9473
9475
1284
9476
1285
5381
5383
9481
5386
1293
1295
1298
1299
5397
9494
5398
1303
1305
1306
9499
5407
5409
9507
5413
5414
9511
5417
5422
9519
5426
5428
1332
9526
1336
5433
5434
5436
9533
1342
5438
9535
1343
5442
9539
9541
9542
1351
5449
5455
1361
5458
5461
9557
5463
9559
5464
1368
9563
5467
9567
1377
5473
9571
5476
9572
1381
5481
1385
5482
1386
9578
9582
5488
1392
9585
5491
5493
1400
5496
5497
9593
5499
9595
9596
5501
1407
1413
9606
9609
1418
9610
9613
1422
9616
9617
5521
1427
5528
5529
9625
9628
1439
1442
5541
9637
1447
1453
1455
5553
5557
5559
5561
9658
5563
9661
5565
9662
1471
9664
9665
5569
1473
5570
5571
9673
5581
9678
5585
9683
9685
5591
9688
5593
5596
5599
9697
9699
5603
1507
5604
5609
1513
5612
5613
5615
9711
1520
5617
9713
9716
5620
9718
5623
1527
5624
9721
1529
5626
9725
5633
9731
1544
5643
9740
5646
5650
9747
1558
5655
5656
5657
9754
1563
1564
9759
5666
1570
5667
5668
1576
5673
9771
1580
5676
9773
1581
9779
9780
5686
9785
5689
1594
9787
5692
5695
9793
5698
9795
5699
1605
5701
5702
5705
9802
9803
1612
1615
1618
9811
9812
1621
9813
9814
5718
9816
5720
1624
1625
9818
5724
9821
1629
9822
5726
9823
1634
9826
9829
9830
5738
1643
1646
1647
9841
9843
9847
1655
5753
1658
5754
9852
9853
5757
5758
1662
9856
5761
9857
5762
1667
9862
5766
1673
5769
9865
1676
9868
1679
5776
9872
5779
5780
5781
5789
9887
1696
5794
1698
9892
9893
5802
1707
1711
5807
9904
5809
1718
5814
9910
5815
9914
5819
1724
9916
5821
5826
9923
9928
9929
5834
9932
9933
5837
1741
5838
9934
5841
9937
5842
9939
5845
5846
9943
5848
5850
9946
1761
9958
5863
9960
9964
1773
9966
1775
5872
1778
5878
5879
5883
9979
5885
5886
9983
1794
9988
5898
5899
9996
9997
1805
5901
5902
5911
5912
5915
1820
1822
5918
5920
1824
1825
1826
5925
5927
5929
1841
5939
5942
5944
5948
5953
1858
5954
1859
1867
1874
5971
5972
1876
1878
5976
5979
1888
5988
5989
5991
5992
5995
5996
1901
1905
6004
1911
6010
1916
1920
1924
6020
6022
1926
6023
6027
6034
1939
6037
6038
6044
6045
6046
6047
1951
1955
6053
6054
1960
6057
1963
1964
6064
6068
6069
1976
6075
6079
1983
6081
1985
6082
1986
1987
1989
6088
1994
1998
1999
6095
2001
6098
2003
6101
6102
2006
6107
2011
6109
6110
6114
6115
2022
6119
2024
6122
2028
6125
6126
6129
6131
2037
6133
2039
6137
2041
2045
2047
6151
6154
2063
6161
6162
2066
6164
6165
6170
6177
6178
2083
6180
2085
6185
2090
6186
6188
6190
2097
6197
2101
2106
6203
2107
6205
6206
2111
6207
6208
6213
6217
2121
6218
2125
6222
2129
2131
2132
2133
2137
6239
2145
6241
6245
6246
6247
2154
2155
6253
2164
6262
6267
2175
6273
6276
2182
6292
2196
6295
6297
6306
2212
2214
2216
6314
6315
6317
6322
6323
2230
2233
2238
6337
2242
6339
6342
2251
2252
6349
6353
2259
6356
6360
6362
6365
2269
6366
6369
2275
6372
6373
6374
2280
2282
6379
6381
6383
2288
2289
2293
6390
6394
6397
6400
6403
6405
6406
2312
6412
6413
6416
6418
2323
6421
2325
6426
6427
2332
6429
2333
2335
6433
2337
6437
6438
2342
6439
2344
6441
2347
6444
6445
6449
2353
6450
2355
6455
2362
2363
6464
2371
6467
2373
6474
2381
6478
2388
6489
6493
2398
6494
2400
6498
6499
2405
6512
2417
6513
2420
6518
2423
6520
2425
2431
6529
2433
6531
6533
6534
6535
2439
6537
2446
6542
2450
6547
2452
6548
2455
2472
6568
6569
6579
6585
6586
2492
6593
6595
6597
2502
2506
2510
2511
6607
2514
6610
2515
2517
2522
2525
2528
6625
6629
2544
6640
2545
6643
6646
6647
2553
2554
2556
6654
6656
6657
6658
6659
2571
2572
2575
6672
2577
6674
2578
2580
2581
6678
2587
6684
2588
6685
2591
6689
2593
2594
6691
2597
6695
2602
6703
6705
6706
2613
6709
6712
2625
6722
2627
2631
6727
6730
6735
2642
2643
6739
2644
6741
2646
6742
6746
2650
2651
2652
2653
2655
6752
2656
2658
2663
6760
2667
6764
6771
2675
6773
2678
2679
2680
2681
6782
2690
2691
2701
6798
2705
2706
2709
2712
2715
6817
6823
6826
2731
6827
6829
2735
2739
2742
2743
2745
6841
6842
6843
2752
6853
2758
2759
2767
2768
2769
2771
6868
2773
2774
2775
6876
2780
2781
6880
6886
2792
6890
6894
2801
6898
6899
6902
2809
6911
6913
6915
6917
2821
6919
6922
2829
2831
6928
6933
2839
2841
6938
2845
6947
6948
6950
6954
6955
6956
6959
2865
2866
6962
6965
2870
2872
2874
6970
6971
6979
2885
2887
2893
2895
6993
6994
2899
6995
6998
2903
7003
2908
7004
2909
2911
7009
7010
2915
7014
7016
7021
7022
2927
7025
2930
2933
2934
2938
7036
7039
7040
7042
2947
7046
2955
7051
2957
7055
2961
7058
7061
2965
2968
7069
7071
7072
2978
7075
2979
7076
7079
2992
2993
7093
2997
7095
2999
7099
3009
7108
7109
3013
7115
7116
7124
3029
3038
7140
7141
3048
7148
7150
7153
7155
7157
3065
7165
7166
3073
3074
7177
7178
3083
7180
3086
7183
7185
3091
7187
3096
3098
3099
7198
7199
3106
7203
3108
3110
3113
7209
7214
3122
3133
3134
3135
3136
3137
7234
7237
3142
3143
7241
7243
7244
7245
3149
3150
3151
7247
7248
7249
3154
3155
7255
7258
3166
7262
7263
7267
7270
7276
3182
3184
3185
7281
7285
3191
7291
3196
3198
3207
7305
7306
3211
3212
7309
3214
7310
3221
7318
7320
7322
7323
3228
3229
3231
3235
7331
7333
7337
7339
7343
7345
7347
7349
7353
3263
7361
3266
7363
3277
7374
3279
7375
3283
7383
7384
3288
3289
3291
7389
7390
7391
3298
7398
3303
3304
7404
3309
7411
7415
7421
3326
7426
3333
3344
7442
3349
3350
7447
3351
3355
7453
7454
3359
7459
7461
3367
3368
3370
7466
3372
3374
3375
7473
3377
7474
7475
7478
3383
3386
3387
3393
7495
7498
3403
7501
3406
3408
7505
3409
7511
7514
7516
3420
7519
3423
3427
7523
7524
3429
3430
7526
3437
3442
7540
7541
7543
7547
3455
7557
7562
7563
7567
7570
7571
7572
3476
7573
3487
3489
7586
3491
7588
3492
7589
3495
3496
3498
7594
3503
7603
7605
7612
7613
3524
3525
7626
3531
3532
7628
7629
3540
7639
3547
3548
7647
7648
7649
7650
3555
7651
3557
3561
3565
3566
3568
3569
3571
7669
7670
7671
7672
3578
7676
3584
3586
7684
7687
7690
7693
7697
7701
7706
3614
3615
7711
3616
7717
7718
7721
3626
3632
3639
3641
3642
7739
3643
3645
3649
7746
3656
7755
7757
3662
3666
7768
3673
3675
3677
7774
3679
7777
7781
3694
3697
3698
3700
3701
3703
3705
7801
7802
7803
3708
3709
3710
7809
7810
3714
3717
3719
3720
7817
7819
3725
7825
3731
7829
7831
3736
3738
7837
3742
7838
3745
7842
7845
3753
3754
3755
7853
7854
7855
3759
7858
3765
3767
3768
7865
3771
3772
7870
3774
3778
3779
7876
7877
7882
3788
3789
7894
7895
7898
3811
7908
7911
3815
3816
7913
7914
3818
7915
3821
3826
7923
3829
7925
7933
7935
3846
3847
7945
7946
3854
7951
3856
3858
7957
3862
7958
7964
3871
7967
7969
3874
7971
7972
3877
7973
7975
3880
3881
7977
7981
7986
7987
7988
3892
3893
3898
7997
3908
8007
3914
8015
8017
3922
8018
3923
3931
8027
8031
8032
3937
8035
3939
3940
3943
3944
3946
3950
3951
8047
8049
3955
3958
3959
3961
8057
8059
3964
3971
3977
8074
3980
3987
3989
8086
3991
8089
8093
8095
8099
8101
4007
4013
4014
4015
8111
4017
8114
8121
4030
8129
8130
4036
4039
4040
4041
8137
4042
8140
8141
8143
4051
8150
8153
8154
4059
8155
4061
8160
8161
8162
8163
4069
8172
8175
8176
8183
8186
8187
8191
